80 50 false 3
00000000000000000000000000000000000000000000000000000000000000000000000000000000
02222222222220000000002222222222222220000000000000000000000000000222222222220000
02111111111120000000002111111111111120000000000002222222222222220211111111120000
02111111111120000000002111111111111120000000000002111111111111120211111111120000
02111111111122222222222111111111111120000000000002111111111111120211111111120000
02111111111111111111111111111111111122222222222222111111111111122211111111120000
02111111111111111111111111111111111111111111111111111111111111111$11111111120000
02111111111122222222222111111111111121222222222222111111111111122211111111120000
02111111111120000000002111111111111121200000000002111111111111120211111111120000
02111111111120000000002222222222222221200000000002222222122222220211111111120000
02222222222220000000000000000000000021200000000000000002120000000211111111120000
00000000000000000000000000000000000021200000222222222222120000000222221122220000
00000000000000000000000000000000000021200000211111111111120000002222221122222220
00000000000000000000000000000000000021200000211111111111120000002111111111111120
00000000000000222222222222222222222221222222211111111111120000002111111111111120
0000000000000021111111111111111111111111111111111111@111120000002111111111111120
00000000000000212222222222221111111111111122211111111111122222222111111111111120
000000000000002120000222222211111111$1111120211111111111111111111111111111111120
0000000000000021200002111111$111$11111111120211111111111222222222111111111111120
00000000000000212000021222221111111111$11120222222122222200000002111111111111120
00000000000000212000021200021111111111111120000002120000000000002111111111111120
00000000000000212000021200022222222121222220000002120000000000002222221222222220
00000000000000212000021200000000002121200000000002120000000000000000021200000000
00000000000000212000021200000000002121200000000002120000000000000000021200000000
00000000000000212000021200000000002121200000000002120000000000000000021200000000
00000000222222212222221200000000002121200000000002120000000000000000021200000000
00000000211111111111111200000000002121200000000002120000000000000000021200000000
00000000211111111111111200000000002121200000000002120000000000000000021200000000
00000000211111111111111200000000002121200000000002120000000000000000021200000000
00000000211111111111111222222222222121200000022222122222200000000000021200000000
00000000211111111111111111111111111121200000021111111111200000000000021200000000
00000000211111111111111222222222222221200000021111111111200000000000021200000000
00000000211111111111111200000000000021200000021111111111200000000000021200000000
00000000211111111111111200000000000021200000021111111111200000000000021200000000
00000000211111111111111200000000000021200000021111111111200000000000021200000000
00000000222222222222221222222000000021200000021111111111200000000000021200000000
00000000000000021111111111112022222221222222022222112222200000000000021200000000
00000000000000021111111111112021111111111112000002112000000000000000021200000000
00000000000000021111111111112221111111111112222222112222222222222222221222200000
00000000000000021111111111111111111111111111111111111111111111111111111111200000
00000000000000021111111111112221111111111112222222112222222222221111111111200000
0000000000000002111$111111112021111111111112222222112222222222221111111111200000
00000000000000021111111111112021111111111111111111111111111111111111111111200000
00000000000000022222222222222021111111111112211111111111111111111111111111200000
00000000000000000000000000000021111111111112211111111112222222221111111111200000
00000000000000000000000000000021111111111112211111111112000000021111111111200000
0000000000000000000000000000002111111111111221111111111200000002111$111111200000
00000000000000000000000000000022222222222222222222222222000000022222222222200000
00000000000000000000000000000000000000000000000000000000000000000000000000000000
00000000000000000000000000000000000000000000000000000000000000000000000000000000
